Station	DD	MM	YYYY	Radn	Tmin	Tmax	RH	Wind	Rain	ETref
'Sabzevar'	21	4	2023	26.65	9.64	28.74	22.02	2.36	0	6.45712850190874
'Sabzevar'	22	4	2023	19.29	14.34	32.27	22.42	3.39	0	7.48150289072961
'Sabzevar'	23	4	2023	13.33	13.86	27.31	37.99	1.98	0.22	4.35680746411068
'Sabzevar'	24	4	2023	22.23	12.03	31.16	31.93	3.87	0.23	7.39609258171629
'Sabzevar'	25	4	2023	20.31	15.47	31.91	24.28	4.04	0	8.07206577155309
'Sabzevar'	26	4	2023	22.43	14.22	31.03	35.85	3.75	0.01	7.16710339826758
'Sabzevar'	27	4	2023	16.44	14.53	27.37	32.47	2.7	0.08	5.51229689801071
'Sabzevar'	28	4	2023	20.43	13.6	29.95	33.14	3.65	0.65	6.88482666854301
'Sabzevar'	29	4	2023	13.29	12.76	27.43	38.75	2.51	0	4.75115378636779
'Sabzevar'	30	4	2023	22.67	15.16	30.44	32.95	1.9	0	5.78652061888737
'Sabzevar'	1	5	2023	17.49	15.93	28.84	31.26	2.37	0.21	5.60293825423831
'Sabzevar'	2	5	2023	24.98	13.37	30.65	32.16	2.57	0.58	6.6395582360907
'Sabzevar'	3	5	2023	18.06	13.04	29.2	36.11	4.06	1	6.66278857615242
'Sabzevar'	4	5	2023	21.58	11.22	26.49	45.86	4.16	0.19	5.97763588053687
'Sabzevar'	5	5	2023	23.1	9.5	21.13	44.74	3.39	1.55	5.10480741937997
'Sabzevar'	6	5	2023	29	8.4	24	32.28	2.83	0	6.13509653259955
'Sabzevar'	7	5	2023	29.61	8.61	26.57	28.61	2.37	0	6.36626101214943
'Sabzevar'	8	5	2023	28.7	9.84	31.49	23.96	2	0	6.77018906122135
'Sabzevar'	9	5	2023	24.39	13.78	33.34	21.24	2.25	0	7.02864094125694
'Sabzevar'	10	5	2023	14.72	17.07	24.88	35.69	2.97	0.29	5.32459596371353
'Sabzevar'	11	5	2023	25.37	14.54	28.75	41.57	2.54	0.03	6.18967427238817
'Sabzevar'	12	5	2023	28.06	12.86	30.59	31.65	2.51	0	6.96709151765315
'Sabzevar'	13	5	2023	26.01	14.25	32.05	27.61	1.94	0	6.557690607409
'Sabzevar'	14	5	2023	20.54	16.33	33.58	23.94	4.18	0.18	8.68386200395727
'Sabzevar'	15	5	2023	26.04	14.29	28.06	39.77	4.24	0.25	7.22843561336719
'Sabzevar'	16	5	2023	16.26	10.42	22.35	46.78	5.55	0.91	5.3930459789641
'Sabzevar'	17	5	2023	30.51	8.45	23.59	37.34	2.35	0	5.86883616493092
'Sabzevar'	18	5	2023	28.73	10.89	28.5	20.59	2.28	0	6.83395902568985
'Sabzevar'	19	5	2023	28.79	13.22	31.98	21.13	2.11	0	7.18228627598207
'Sabzevar'	20	5	2023	18.18	16.96	32.35	24.43	3.6	0	7.7130703559362
'Sabzevar'	21	5	2023	12.23	17.55	30.77	35.81	3.06	0	5.76394882841991
'Sabzevar'	22	5	2023	21.32	18.16	32.75	31.18	2.39	0.21	6.62844289109072
'Sabzevar'	23	5	2023	25.48	18.44	34.11	26.71	2.81	0.26	7.88348752754031
'Sabzevar'	24	5	2023	28.05	17.64	34.58	23.16	2.79	0	8.3204791993455
'Sabzevar'	25	5	2023	27.93	17.85	35.33	20.97	3.12	0	8.88880830497112
'Sabzevar'	26	5	2023	24.57	18.79	34.5	19.49	2.21	0	7.39247967999508
'Sabzevar'	27	5	2023	18.21	19.62	34.51	31.78	2.24	0.16	6.32264200806714
'Sabzevar'	28	5	2023	27.86	16.75	32.92	22.34	3.35	0	8.64520537232278
'Sabzevar'	29	5	2023	29.23	16.85	33.71	19.05	2.52	0	8.13373872779233
'Sabzevar'	30	5	2023	29.59	17.14	35.91	13.98	2.72	0	8.89491178023892
'Sabzevar'	31	5	2023	30.17	18.02	37.5	11.75	2.78	0	9.35915870931111
'Sabzevar'	1	6	2023	21.76	19.29	32.76	13.67	1.93	0	6.69767057679759
'Sabzevar'	2	6	2023	20.86	17.46	32.48	30.95	2.45	0.08	6.62215476459911
'Sabzevar'	3	6	2023	23.9	17.07	34.39	27.14	2.53	0	7.42518476141138
'Sabzevar'	4	6	2023	27.01	18.42	35.41	26.87	2.54	0	7.98026460035098
'Sabzevar'	5	6	2023	30.18	19.38	36.79	20.72	3.19	0.11	9.54305689016176
'Sabzevar'	6	6	2023	25.53	19.37	36.17	17.67	4.09	0	10.1381826845231
'Sabzevar'	7	6	2023	19.01	19.3	36.77	16.63	3.66	0	9.16932408954683
'Sabzevar'	8	6	2023	11.82	18.96	32.97	38.28	4.69	0	7.17067605066624
'Sabzevar'	9	6	2023	17.12	18.61	28.56	46.99	3.74	0.27	5.96622230441223
'Sabzevar'	10	6	2023	20.99	17.75	29.61	36.37	3.18	0.66	6.70551585028839
'Sabzevar'	11	6	2023	27.37	17.17	34.18	23.12	2.5	0	7.90611521996121
'Sabzevar'	12	6	2023	26.14	19.04	35.65	18.69	2.4	0	8.0277956998484
'Sabzevar'	13	6	2023	29.8	19.1	36.68	16.85	2.79	0	9.12921831307586
'Sabzevar'	14	6	2023	30.25	19.68	37.58	15.08	2.72	0.02	9.28078868739236
'Sabzevar'	15	6	2023	28.45	19.32	38.29	12.33	3.56	0	10.4654689780945
'Sabzevar'	16	6	2023	28.34	20.67	39.98	12.82	4.74	0	12.3593593946615
'Sabzevar'	17	6	2023	27.57	21.32	39.6	13.06	3.99	0	11.2215532979763
'Sabzevar'	18	6	2023	29.78	19.58	37.93	16.58	3.29	0	10.0087647450646
'Sabzevar'	19	6	2023	29.4	20.46	39.49	19.04	3.38	0	10.2860761833057
'Sabzevar'	20	6	2023	28.6	21.1	40.16	21.26	3.15	0	9.9339909009774
'Sabzevar'	21	6	2023	26.99	22.36	40.62	23.03	4.69	0	11.6320058127122
'Sabzevar'	22	6	2023	29.19	21.61	38.82	19.58	4.37	0	11.3294304289811
'Sabzevar'	23	6	2023	28.35	20.69	38.27	18.93	5.69	0	12.5301201537039
'Sabzevar'	24	6	2023	21.58	21.15	35.93	19.25	6.08	0	11.6739845215497
'Sabzevar'	25	6	2023	16.75	19.9	33.62	21.14	5.76	0	10.1843612840287
'Sabzevar'	26	6	2023	30.56	17.36	34.57	23.16	3.08	0	8.9481306711467
'Sabzevar'	27	6	2023	31.42	17.45	36.02	16.78	2.46	0	8.72913027303003
'Sabzevar'	28	6	2023	26.59	20.08	38.88	15.05	3.42	0	10.0944784605303
'Sabzevar'	29	6	2023	27.99	21.79	40.01	16.21	3	0	9.82389048027254
'Sabzevar'	30	6	2023	28.43	22.07	40.71	14.99	2.62	0	9.44547979288259
'Sabzevar'	1	7	2023	28.44	23.75	42.18	14.26	4.37	0	12.3365542226385
'Sabzevar'	2	7	2023	27.12	22.3	37.96	23.24	5.24	0	11.5936603154201
'Sabzevar'	3	7	2023	28.8	20.33	37.03	26.77	4.84	0	10.8326946516146
'Sabzevar'	4	7	2023	30.58	20.65	35.53	19.58	4.94	0	11.2934991757896
'Sabzevar'	5	7	2023	28.57	18.82	34.99	18.85	4.05	0	10.0671429938344
'Sabzevar'	6	7	2023	26.27	19.89	33.72	23.25	4.25	0.01	9.58822515354745
'Sabzevar'	7	7	2023	25.95	19.24	34.29	26.22	3.7	0	8.9348668628865
'Sabzevar'	8	7	2023	30.7	19.38	35.11	20.54	2.98	0	9.07438991625668
'Sabzevar'	9	7	2023	31.04	19.36	36.5	15.89	3.28	0	9.84986743250474
'Sabzevar'	10	7	2023	29.85	19.88	39.2	14.68	2.43	0	9.02960827040511
'Sabzevar'	11	7	2023	29.15	21.09	41.31	10.14	3.41	0	10.940538298834
'Sabzevar'	12	7	2023	27.93	21.78	40.4	13.81	4.7	0	12.2782688494318
'Sabzevar'	13	7	2023	28.07	21.11	39.46	28.05	4.91	0	11.2588244290086
'Sabzevar'	14	7	2023	28.47	21.2	38.69	23.19	4.68	0	11.2609528705607
'Sabzevar'	15	7	2023	26.97	22.04	39.03	21.91	3.22	0	9.58033081379046
'Sabzevar'	16	7	2023	24.95	22.43	39.54	18.58	2.53	0	8.61001617728924
'Sabzevar'	17	7	2023	25.13	22.94	40.72	18.23	3.62	0	10.3786330981865
'Sabzevar'	18	7	2023	21.98	21.42	38.82	26.33	5.2	0	10.8656553863003
'Sabzevar'	19	7	2023	23.38	20.23	36.28	30.8	5.64	0	10.3879595047197
'Sabzevar'	20	7	2023	26.52	20.2	37.92	26.11	4.56	0	10.5022442826527
'Sabzevar'	21	7	2023	29.29	21.38	37.67	21.25	4.77	0	11.3200314281088
'Sabzevar'	22	7	2023	28.99	19.93	38.01	15.32	4.68	0	11.6023537811349
'Sabzevar'	23	7	2023	29.65	20.75	36.75	19.27	4.69	0	11.1644701073708
'Sabzevar'	24	7	2023	29.71	19.96	36.89	17.96	4.56	0	11.1090647416566
'Sabzevar'	25	7	2023	29.6	21.13	37.9	17.8	3.89	0	10.5876015416301
'Sabzevar'	26	7	2023	27.3	22.3	38.58	15.22	4.8	0	11.7659166573591
'Sabzevar'	27	7	2023	24.28	22.35	38.62	23.77	3.57	0	9.49322465545127
'Sabzevar'	28	7	2023	25.11	23.78	38.42	25.88	3.38	0	9.25985788908628
'Sabzevar'	29	7	2023	25.56	22.54	37.16	25.22	3.69	0	9.44415185785202
'Sabzevar'	30	7	2023	29.35	22.08	36.87	20.56	4.07	0	10.4289321745518
'Sabzevar'	31	7	2023	29.55	20.14	37.17	15.79	3.79	0	10.3382649681243
'Sabzevar'	1	8	2023	27.3	21.66	38.71	17.77	4.08	0	10.7129235111551
'Sabzevar'	2	8	2023	27.23	22.7	38.45	18.5	4.18	0	10.7561138422129
'Sabzevar'	3	8	2023	28.6	22.44	38.54	18.16	4.34	0	11.0982163839964
'Sabzevar'	4	8	2023	27.96	21.44	38.31	17.6	3.97	0	10.5400728979157
'Sabzevar'	5	8	2023	26.28	21.26	38.66	18.84	3.53	0	9.81832811580309
'Sabzevar'	6	8	2023	23.83	21.81	37.07	23.77	3.78	0	9.3411467273357
'Sabzevar'	7	8	2023	27.61	21.16	36.64	25.93	2.96	0.18	8.62629592168669
'Sabzevar'	8	8	2023	25.77	20.46	36.49	21.84	3.55	0	9.22470061295063
'Sabzevar'	9	8	2023	24.9	20.96	35.66	22.59	3.36	0	8.75912587074441
'Sabzevar'	10	8	2023	28.34	19.96	36.11	20.36	4.06	0	10.0064830616711
'Sabzevar'	11	8	2023	26.22	19.43	36.43	22.83	3.74	0	9.36192244755632
'Sabzevar'	12	8	2023	28.03	19.65	35.21	22.41	4.22	0	9.82514835933763
'Sabzevar'	13	8	2023	27.74	17.94	33.54	22.94	4.66	0	9.76222156714505
'Sabzevar'	14	8	2023	29.15	14.8	31.8	16.91	4.79	0	9.83974900971391
'Sabzevar'	15	8	2023	29.57	11.9	32.09	11.67	4.69	0	10.0391821024653
'Sabzevar'	16	8	2023	29.33	11.4	32.97	10.87	4.05	0	9.61536087790357
'Sabzevar'	17	8	2023	28.06	13.56	33.64	13.73	3.36	0	8.79755120347285
'Sabzevar'	18	8	2023	27.58	16.36	34.76	16.53	2.48	0	7.8017508949079
'Sabzevar'	19	8	2023	26.27	17.29	34.78	16.76	2.65	0	7.90721627693781
'Sabzevar'	20	8	2023	22.65	18.2	34.97	17.21	2.34	0	7.18931682501136
'Sabzevar'	21	8	2023	22.38	19.1	34.93	25.35	2.98	0	7.67717538064175
'Sabzevar'	22	8	2023	26.09	18.88	34.87	23.69	2.74	0.06	7.80474989251241
'Sabzevar'	23	8	2023	25.96	18.14	35.97	25.34	3.27	0	8.45877975397825
'Sabzevar'	24	8	2023	26.07	18.62	34.65	20.39	2.73	0	7.82768437087231
'Sabzevar'	25	8	2023	25.93	19.64	34.42	24.15	3.18	0	8.18203518734229
'Sabzevar'	26	8	2023	22.12	18.41	35	30.77	4.21	1.33	8.51482067341722
'Sabzevar'	27	8	2023	24.5	17.57	29.84	39.18	4.83	0.19	7.68834481336931
'Sabzevar'	28	8	2023	25.79	14.84	31.04	28.54	2.33	0	6.49862665896695
'Sabzevar'	29	8	2023	25.24	16.27	34.8	20.82	2.69	0	7.59222086981855
'Sabzevar'	30	8	2023	19.78	19.2	36.03	24.71	3.84	0	8.47959222901742
'Sabzevar'	31	8	2023	24.65	17.47	34.26	33.04	3.84	0	8.08478310292337
'Sabzevar'	1	9	2023	24.69	17.83	34.74	24.38	3.52	0	8.3175601097834
'Sabzevar'	2	9	2023	25.19	16.79	34.71	17.95	3.2	0	8.23213962071974
'Sabzevar'	3	9	2023	24.62	15.16	33.23	17.83	3.22	0	7.92694618272154
'Sabzevar'	4	9	2023	24.36	16.59	34.07	19.87	2.66	0	7.31426687711053
'Sabzevar'	5	9	2023	23.3	16.74	36.19	22	2.95	0	7.80922029841457
'Sabzevar'	6	9	2023	24.23	17.81	35.55	18.04	2.81	0	7.74374113416062
'Sabzevar'	7	9	2023	23.16	17.01	35.16	18.97	2.74	0	7.45501542057467
'Sabzevar'	8	9	2023	20.41	17.7	35.69	18.57	2.14	0	6.48944650771146
'Sabzevar'	9	9	2023	21.84	18.39	36.58	19.43	3.75	0	8.79584507675868
'Sabzevar'	10	9	2023	22.82	18.26	36.51	19.18	2.89	0	7.7754154368442
'Sabzevar'	11	9	2023	18.84	16.92	34.21	30.3	2.81	0	6.54373765627795
'Sabzevar'	12	9	2023	20.02	15.92	34.87	26.8	2.95	0	7.01180228476479
'Sabzevar'	13	9	2023	21.6	15.75	34.84	22.99	3.36	0	7.74553739263098
'Sabzevar'	14	9	2023	21.55	14.99	34.2	20.03	3.02	0	7.3504169807776
'Sabzevar'	15	9	2023	19.26	15.33	34.11	20.7	4.51	0	8.73875682776345
'Sabzevar'	16	9	2023	21.29	13.52	31.75	23.39	3.79	0	7.52415270581447
'Sabzevar'	17	9	2023	21.39	13.55	30.45	23.24	3.14	0	6.69423613700594
'Sabzevar'	18	9	2023	22.27	12.44	30.78	19.54	2.81	0	6.55728519808796
'Sabzevar'	19	9	2023	20.66	12.58	29.47	25.43	4.02	0	7.1073129789657
'Sabzevar'	20	9	2023	21.62	12.28	28.36	36.56	3.75	0	6.1881879529254
'Sabzevar'	21	9	2023	23.16	11.38	28.11	25.95	3.21	0	6.2958930516555
'Sabzevar'	22	9	2023	22.82	9.42	26.88	22.43	3.45	0	6.35611055497012
'Sabzevar'	23	9	2023	22.51	9.12	26.17	23.06	3.56	0	6.26101550714874
'Sabzevar'	24	9	2023	22.74	8.59	26.2	22.1	3.33	0	6.10523070181727
'Sabzevar'	25	9	2023	22.59	7.9	25.99	19.96	2.4	0	5.28802407624245
'Sabzevar'	26	9	2023	20.07	8.2	25.64	19.37	1.92	0	4.6272063291199
'Sabzevar'	27	9	2023	16.07	9.9	22.34	31.8	1.71	0	3.67070141171409
'Sabzevar'	28	9	2023	21.03	9.17	24.5	29.67	2.55	0	4.85781977782988
'Sabzevar'	29	9	2023	20.99	8.02	24.48	25.79	1.93	0	4.3859926236002
'Sabzevar'	30	9	2023	21.15	7.99	25.11	22.97	1.87	0	4.43163264567011
'Sabzevar'	1	10	2023	20.5	10.07	26.55	20.69	2.12	0	4.85778464291564
'Sabzevar'	2	10	2023	16.43	11.27	29.26	20.65	2.31	0	5.15224201536071
'Sabzevar'	3	10	2023	18.36	15.58	29.34	21.95	1.86	0	4.74554506559009
'Sabzevar'	4	10	2023	16.55	17.12	30.2	27.4	1.77	0	4.50697450958029
'Sabzevar'	5	10	2023	16.15	13.88	27.06	43.27	4.31	2.47	5.44276054859511
'Sabzevar'	6	10	2023	19.94	9.81	21.39	45.39	2.78	0.3	4.00397528800012
'Sabzevar'	7	10	2023	19.67	6.72	24.37	37.14	2.24	0	4.1003645195667
'Sabzevar'	8	10	2023	19.24	8.75	25.47	24.34	1.64	0	3.9488298359691
'Sabzevar'	9	10	2023	18.09	10.99	29.05	23.09	2.9	0	5.61519837655191
'Sabzevar'	10	10	2023	17.51	14.59	30.43	23.47	1.91	0	4.65904398718898
'Sabzevar'	11	10	2023	15.73	14	29.61	32.44	3.68	0	5.8735815985147
'Sabzevar'	12	10	2023	5.45	7.78	23.91	53.65	4.07	4.79	3.47532766104909
'Sabzevar'	13	10	2023	18.32	5.85	20.86	48.91	2.25	0.9	3.26680224597983
'Sabzevar'	14	10	2023	12.23	8.6	23.96	43.41	2.51	0.02	3.56210332591389
'Sabzevar'	15	10	2023	17.01	7.5	21.17	49.34	1.84	0.06	3.0124776400755
'Sabzevar'	16	10	2023	18.31	6.41	23.55	38.24	1.81	0	3.43847836948829
'Sabzevar'	17	10	2023	10.33	11.41	22.58	54.14	2.88	0.71	3.16742350709378
'Sabzevar'	18	10	2023	16.62	7.92	22.77	53.74	1.74	0	2.91161265769924
'Sabzevar'	19	10	2023	14.25	8.85	25.72	45.93	2.4	0	3.60636597720821
'Sabzevar'	20	10	2023	13.48	11.18	23.3	45.52	2.47	0.16	3.45919972397867
'Sabzevar'	21	10	2023	17.13	7.67	22.94	49.44	1.81	0	3.02486795622733
'Sabzevar'	22	10	2023	13.79	11.92	24.36	38.07	2.55	0	3.85508839494154
'Sabzevar'	23	10	2023	16.36	8.74	22.55	45.48	2.02	0	3.16066615923538
'Sabzevar'	24	10	2023	16.47	7.85	24.82	35.89	1.98	0	3.51227919306464
'Sabzevar'	25	10	2023	7.67	11.01	16.63	54.63	1.9	0	2.15326387549693
'Sabzevar'	26	10	2023	14.54	8.68	24.5	52.91	1.84	0	2.86879017649656
'Sabzevar'	27	10	2023	15.28	10.36	24.29	43.85	1.44	0	2.81687777005655
'Sabzevar'	28	10	2023	14.61	11.88	25.75	35.45	1.44	0	3.01205237687134
'Sabzevar'	29	10	2023	15.43	12.85	26.93	29.72	1.96	0	3.74117046323742
'Sabzevar'	30	10	2023	14.61	12.72	26.07	32.23	2.68	0	4.2210120271616
'Sabzevar'	31	10	2023	13.89	10.63	22.91	52.92	3.28	0	3.40958144514831
'Sabzevar'	1	11	2023	16.49	5.81	22.38	28.78	2.73	0	3.8693920373446
'Sabzevar'	2	11	2023	16.67	2.23	23.39	11.38	1.45	0	3.00132423680786
'Sabzevar'	3	11	2023	12.34	8.79	13.92	32.32	1.22	0	2.04259587728289
'Sabzevar'	4	11	2023	11.07	6.79	19.35	66.22	1.43	0	1.77703772116464
'Sabzevar'	5	11	2023	9.59	9.67	19.41	63.17	1.14	0.05	1.68599051753431
'Sabzevar'	6	11	2023	12.24	8.63	19.76	58.14	1.96	0.08	2.24201375278021
'Sabzevar'	7	11	2023	11.32	7.48	21.45	55.19	2.63	0.03	2.65639794281241
'Sabzevar'	8	11	2023	8.02	6.21	17.11	63.6	2.73	1.39	1.99505870038816
'Sabzevar'	9	11	2023	13.84	4.79	19.16	59.17	2.49	0.03	2.31972367300136
'Sabzevar'	10	11	2023	11.69	5.55	21.33	43.44	2.8	0	3.08247508571213
'Sabzevar'	11	11	2023	12.21	7.12	20.64	56.35	1.69	0	2.10680999545859
'Sabzevar'	12	11	2023	12.62	5.57	21.15	47.73	1.97	0	2.45905652675216
'Sabzevar'	13	11	2023	12.56	8.23	21.66	37.12	1.41	0	2.31754256471343
'Sabzevar'	14	11	2023	12.94	8.42	21.53	34.04	1.98	0	2.83087872421958
'Sabzevar'	15	11	2023	12.91	8.21	22.88	32.52	1.8	0	2.78473427650542
'Sabzevar'	16	11	2023	8.09	8.93	23.98	28.25	3.76	0	4.59126004188739
'Sabzevar'	17	11	2023	11.9	9.05	22.31	46.5	3.42	0	3.37074831254696
'Sabzevar'	18	11	2023	10.31	6.81	20.94	62.95	2.78	0	2.24485600233403
'Sabzevar'	19	11	2023	12.13	5.57	20.27	56.57	2.54	0	2.33864934014154
'Sabzevar'	20	11	2023	11.43	7.54	23.16	41.31	5.26	0	4.52427836760699
'Sabzevar'	21	11	2023	9.75	7.55	17.55	45.21	6.66	1.61	4.00900877398093
'Sabzevar'	22	11	2023	11.75	2.27	11.2	61.7	2.96	0.09	1.68992412430273
'Sabzevar'	23	11	2023	13.21	0.14	14.87	44.47	3.2	0	2.4584044430452
'Sabzevar'	24	11	2023	8.25	2.46	13.14	24.83	1.36	0	1.82149413765981
'Sabzevar'	25	11	2023	12.56	1.72	15.8	26.93	2.51	0	2.6958262558852
'Sabzevar'	26	11	2023	7.61	1.99	14.27	34.62	3.12	0	2.70359612215077
'Sabzevar'	27	11	2023	11.86	2.25	19.05	44.22	3.77	0	3.06948644425819
'Sabzevar'	28	11	2023	9.06	5.5	19.55	46	3.16	0.58	2.81559931109923
'Sabzevar'	29	11	2023	11.04	2.84	15.12	67.57	2.2	0.09	1.48240941655213
'Sabzevar'	30	11	2023	11.62	2.34	15.8	62.74	2.06	0.06	1.57955984140387
'Sabzevar'	1	12	2023	10.33	3.79	14.77	49.5	1.85	0	1.73847521931362
'Sabzevar'	2	12	2023	11.34	3.44	17.6	43.14	1.61	0	1.85324611691168
'Sabzevar'	3	12	2023	11.8	4.05	16.92	44.18	2.12	0	2.09514504653691
'Sabzevar'	4	12	2023	11.92	3.78	17.52	34.74	2.27	0	2.43372654415219
'Sabzevar'	5	12	2023	12.13	3.59	16.95	28.88	2.1	0	2.39594465112343
'Sabzevar'	6	12	2023	10.93	0.01	17.88	31.08	2.32	0	2.54203897980479
'Sabzevar'	7	12	2023	10.15	3.3	16.46	29.51	2.63	0	2.71624611420448
'Sabzevar'	8	12	2023	9.54	3.96	14.04	48.83	1.56	0	1.53720656697964
'Sabzevar'	9	12	2023	10.13	2.24	16.07	55.5	1.75	0	1.56381952209259
'Sabzevar'	10	12	2023	9.34	2.25	15.45	46.98	2.77	0	2.17988739383559
'Sabzevar'	11	12	2023	9.58	3.09	14.93	60.97	2.35	0.05	1.61258891041722
'Sabzevar'	12	12	2023	8.89	0.96	14.62	69.08	1.5	0.03	1.13108816144873
'Sabzevar'	13	12	2023	7.25	4.31	15.91	47.38	2.65	0	2.18531428522003
'Sabzevar'	14	12	2023	4.84	3.29	10.74	60.3	2.23	0.75	1.40703853872093
'Sabzevar'	15	12	2023	7.06	-0.49	5.48	76.96	2.06	2.69	0.80909681619358
'Sabzevar'	16	12	2023	10.28	-2.09	9.94	71.07	2.13	0.03	1.045281605461
'Sabzevar'	17	12	2023	10.74	-0.06	13.12	47.67	2.75	0	1.93964616127751
'Sabzevar'	18	12	2023	7.59	-1.21	12.38	51.96	2.4	0.01	1.65208817606613
'Sabzevar'	19	12	2023	9.85	-1.77	10.35	62.18	2.05	0	1.21950779340062
'Sabzevar'	20	12	2023	10.5	-2.61	12.38	60.07	2.07	0	1.34136731623279
'Sabzevar'	21	12	2023	10.7	-2.71	13.42	59.63	1.71	0	1.2797499293237
'Sabzevar'	22	12	2023	10.43	-1.64	11.51	53.56	3.16	0	1.77842023854978
'Sabzevar'	23	12	2023	4.83	1.08	13.09	50.83	4.15	0.03	2.31118459398978
'Sabzevar'	24	12	2023	10.29	4.5	15.77	59.54	5.25	0	2.47939489540808
'Sabzevar'	25	12	2023	9.56	3.86	15.68	59.58	3.92	0	2.15161178333755
'Sabzevar'	26	12	2023	10.84	1.19	14.15	66.76	3.62	0	1.67279403404479
'Sabzevar'	27	12	2023	11.11	1.19	15.52	44.48	1.46	0	1.55234263879335
'Sabzevar'	28	12	2023	9.17	1.02	15.39	44.58	3.23	0	2.41083560428732
'Sabzevar'	29	12	2023	10	0.56	11.62	67.65	2.64	0	1.32698699514626
'Sabzevar'	30	12	2023	10.94	-2.51	12.08	54.63	1.72	0	1.33416573232965
'Sabzevar'	31	12	2023	11.56	-1.16	12.04	46.75	2.02	0	1.61344224459049
'Sabzevar'	1	1	2024	8.42	-0.23	11.09	58.57	1.87	0	1.30604055805327
'Sabzevar'	2	1	2024	10.74	0.29	13.36	52.02	1.98	0	1.58754636596799
'Sabzevar'	3	1	2024	9.78	-1.02	12.88	58.53	2.44	0	1.55753232512732
'Sabzevar'	4	1	2024	10.84	1.67	11.2	60.36	1.79	0	1.30229295173576
'Sabzevar'	5	1	2024	11.38	-0.63	13.14	52.83	2.97	0	1.90301693021984
'Sabzevar'	6	1	2024	9.16	3.04	13.05	50.47	3.18	1.49	2.1147573214382
'Sabzevar'	7	1	2024	11.15	-1.82	8.12	66	2.58	0.53	1.21981244574078
'Sabzevar'	8	1	2024	11.81	-2.87	12.27	46.33	2.92	0	1.98979989453925
'Sabzevar'	9	1	2024	9.98	-1.01	13.83	27.51	4.06	0	3.20030377071248
'Sabzevar'	10	1	2024	9.44	1.18	17.17	20.67	3.85	0	3.82516127898469
'Sabzevar'	11	1	2024	9.19	2.22	11.76	45.06	1.39	0	1.45315243724775
'Sabzevar'	12	1	2024	6.23	3.14	12.34	47.17	3.96	0	2.44767062379338
'Sabzevar'	13	1	2024	9.68	2.23	13.6	54.84	4.76	0	2.42440469251568
'Sabzevar'	14	1	2024	8.44	2.44	15.78	43.17	3.31	0.03	2.63098448091021
'Sabzevar'	15	1	2024	8.73	4.82	13.2	65.46	1.73	0.02	1.36039328359345
'Sabzevar'	16	1	2024	11.9	0.68	13.01	62.04	1.68	0	1.3905302829008
'Sabzevar'	17	1	2024	11.14	0.79	13.14	44.82	1.83	0	1.76903748486071
'Sabzevar'	18	1	2024	9.76	-0.12	12.56	40.82	1.53	0	1.64609539846415
'Sabzevar'	19	1	2024	12.42	-0.09	13.53	43.65	1.52	0	1.66986483036193
'Sabzevar'	20	1	2024	13.15	-1.29	15.25	44.14	2.18	0	2.08595552975595
'Sabzevar'	21	1	2024	9.76	2.13	14.15	34.2	2.44	0	2.42896147276811
'Sabzevar'	22	1	2024	12.96	1.31	13.88	35.97	1.13	0	1.60269964396912
'Sabzevar'	23	1	2024	8.4	-0.52	13.73	41.91	1.86	0.02	1.88101415721837
'Sabzevar'	24	1	2024	5	1.44	13.44	61.49	1.9	1.52	1.43372742183929
'Sabzevar'	25	1	2024	6.85	0.37	10.13	71.74	1.95	1.05	1.13540330034527
'Sabzevar'	26	1	2024	9.59	-0.83	11.87	60.86	1.74	0.05	1.40928722926294
'Sabzevar'	27	1	2024	6.32	2.18	12.53	72.31	1.91	3.67	1.21546642436201
'Sabzevar'	28	1	2024	3.02	-0.75	9.32	80.89	3.14	11.2	0.92603024270806
'Sabzevar'	29	1	2024	10.7	-2.95	8.58	70.99	1.71	1.6	1.12448689969688
'Sabzevar'	30	1	2024	11.9	-3.95	7.29	63.68	2.06	0.05	1.27924719460466
'Sabzevar'	31	1	2024	13.3	-4.82	6.95	61.76	1.57	0	1.22647214078962
'Sabzevar'	1	2	2024	13.93	-4.19	7.71	55.52	1.88	0	1.4520399114716
'Sabzevar'	2	2	2024	2.8	-2.33	9.62	69.93	4.6	10.69	1.41172162737767
'Sabzevar'	3	2	2024	8.4	-5.74	3	69.93	3.34	2.4	1.06735085638414
'Sabzevar'	4	2	2024	8.73	-4.63	6.99	62.58	2.65	0	1.34243765870881
'Sabzevar'	5	2	2024	10.46	-3.48	9.02	52.82	3.58	0	1.92994693247291
'Sabzevar'	6	2	2024	6.68	-0.72	10.05	53.12	6.06	0	2.41802345991292
'Sabzevar'	7	2	2024	14.94	-2.3	12.67	58.95	3.1	0	2.04146404143114
'Sabzevar'	8	2	2024	15.07	-1	13.55	52.56	2.9	0	2.28188820310822
'Sabzevar'	9	2	2024	15.61	-0.66	14.84	48.45	2.84	0	2.51137425589854
'Sabzevar'	10	2	2024	14.05	1.47	16.17	41.99	2.06	0	2.47174290427511
'Sabzevar'	11	2	2024	13.14	2.12	14.62	41.06	1.42	0	2.05642538294272
'Sabzevar'	12	2	2024	14.99	1.81	16.98	41.74	1.51	0	2.29566767950595
'Sabzevar'	13	2	2024	15.63	2.33	17.78	41.15	2.24	0	2.81089695251437
'Sabzevar'	14	2	2024	14.61	2.02	19.6	37.12	2.66	0	3.28458873142839
'Sabzevar'	15	2	2024	14.48	3.64	22.26	37.18	2.41	0	3.42483153797749
'Sabzevar'	16	2	2024	5.16	6.69	18.3	61.52	2.37	1.07	2.00349695041406
'Sabzevar'	17	2	2024	10.7	3.08	15.97	74.12	3.54	2.62	1.87087566591159
'Sabzevar'	18	2	2024	10.61	-3.95	5.53	71.72	3.5	0.73	1.29511814749126
'Sabzevar'	19	2	2024	14.2	-5.39	5.24	63.08	2.32	0.07	1.44329426106098
'Sabzevar'	20	2	2024	17.12	-4.01	8.54	54.05	1.47	0	1.72513887787209
'Sabzevar'	21	2	2024	17.25	-3.78	10.17	55.62	1.95	0	1.92067187936887
'Sabzevar'	22	2	2024	14.43	-2.36	9.6	58.56	2.21	0	1.83084771434278
'Sabzevar'	23	2	2024	14.75	-1.22	11.85	56.75	2.05	0	2.0047192643674
'Sabzevar'	24	2	2024	9.87	1.41	9.74	64.64	1.8	0.9	1.55795558041757
'Sabzevar'	25	2	2024	9.87	-3.81	4.11	67.72	4.51	1.13	1.42154022079693
'Sabzevar'	26	2	2024	11.21	-4.35	2.67	58.89	3.34	0.27	1.51022560356788
'Sabzevar'	27	2	2024	13.29	-6.01	4.95	56.17	1.96	0.23	1.51259047735955
'Sabzevar'	28	2	2024	15.42	-4.79	4.73	61.56	2.02	0.08	1.54201613579684
'Sabzevar'	29	2	2024	9.45	-5.38	0.65	62.78	3.54	0.74	1.28892055285293
'Sabzevar'	1	3	2024	12.11	-6.59	2.22	60.34	3.24	0.33	1.42959215954041
'Sabzevar'	2	3	2024	18.86	-6.1	6.69	55.35	2.13	0	1.87302770999625
'Sabzevar'	3	3	2024	19.04	-4.36	9.08	44.85	1.71	0	2.15707027520284
'Sabzevar'	4	3	2024	17.62	-2.06	10.83	36.01	1.72	0	2.42274862794984
'Sabzevar'	5	3	2024	9.01	-1.28	5.5	66.44	1.32	0.12	1.25900811493806
'Sabzevar'	6	3	2024	13.27	-2.2	11.14	66.68	2.52	0.01	1.84232466984949
'Sabzevar'	7	3	2024	15.53	-0.59	16.01	51.83	3.53	0	2.99234395541987
'Sabzevar'	8	3	2024	14.87	3.81	16.62	48.46	3.51	0.71	3.29246101546228
'Sabzevar'	9	3	2024	14.41	1.58	15	66.67	2.25	0.28	2.19560745717113
'Sabzevar'	10	3	2024	18.15	2.21	17.69	49.51	2.36	0.02	3.11311843929087
'Sabzevar'	11	3	2024	16.32	4.46	16.92	46.64	2.57	0.01	3.18997512843562
'Sabzevar'	12	3	2024	14.74	-1.28	11.26	61.28	4.16	1.69	2.34560657638375
'Sabzevar'	13	3	2024	21.28	-3.62	13.76	55.36	2.54	0	2.71180191016623
'Sabzevar'	14	3	2024	19.31	0.88	17.5	39.5	1.31	0	2.90965229101714
'Sabzevar'	15	3	2024	18.73	0.01	20.11	41.51	1.59	0	3.18637652916207
'Sabzevar'	16	3	2024	11.82	5.64	23.05	44.87	2.68	0.16	3.63431749723416
'Sabzevar'	17	3	2024	18.2	7.75	20.14	59.36	1.88	0.06	3.13568169327227
'Sabzevar'	18	3	2024	17.97	5.42	21.79	46.5	1.73	0	3.41042555115922
'Sabzevar'	19	3	2024	14.84	7.65	27.29	40.67	4.92	5.61	5.81680747203775
'Sabzevar'	20	3	2024	11.35	6.19	20.26	58.1	5.74	4.56	3.70843237494455
'Sabzevar'	21	3	2024	18.37	5.03	16.47	59.22	1.9	0	2.8702304539539
'Sabzevar'	22	3	2024	20.92	3.38	21.2	46.5	2.68	0	4.0028946229565
'Sabzevar'	23	3	2024	19.58	10.42	22.48	36.69	2.78	0	4.69277625423967
'Sabzevar'	24	3	2024	21.29	9.84	23.84	34.66	1.72	0	4.28033366034847
'Sabzevar'	25	3	2024	7.42	10.68	19.16	61.33	5.19	6.65	3.25483387013507
'Sabzevar'	26	3	2024	18.2	5.74	17.93	58.42	4.56	0.99	3.6434604337181
'Sabzevar'	27	3	2024	19.23	3.37	18.48	45	3.49	0.05	4.00296624114726
'Sabzevar'	28	3	2024	17.96	1.52	14.77	52.43	2	0.12	2.85134154995645
'Sabzevar'	29	3	2024	24.27	2.14	15.62	39.22	2.85	0	3.95178949137199
'Sabzevar'	30	3	2024	21.64	-0.39	19.16	37.27	1.87	0	3.70057192973247
'Sabzevar'	31	3	2024	16.45	3.5	18.15	34.41	2.36	0	3.72385896909043
'Sabzevar'	1	4	2024	17.34	2.15	16.74	49.49	3.5	0.01	3.52550178357851
'Sabzevar'	2	4	2024	21.49	0.65	16.37	58.44	2.04	0.03	3.09352535678019
'Sabzevar'	3	4	2024	24.29	1.71	19.27	47.35	2.2	0	3.91023902304306
'Sabzevar'	4	4	2024	25.02	4.46	22.88	37.64	3.25	0	5.24344604483201
'Sabzevar'	5	4	2024	23.87	5.91	24.41	40.95	2.22	0	4.76148585216243
'Sabzevar'	6	4	2024	24.83	8.02	26.19	36.41	1.75	0	4.91177084829875
'Sabzevar'	7	4	2024	17.91	8.37	26.93	35.81	3.84	0	5.8750252539853
'Sabzevar'	8	4	2024	12.49	9.49	25.7	45.13	5.02	0	5.33323228003448
'Sabzevar'	9	4	2024	22.89	8.97	24.73	55.04	4.14	0	5.07560785269229
'Sabzevar'	10	4	2024	25.79	7.68	27.06	43.77	2.82	0	5.59336768684622
'Sabzevar'	11	4	2024	10.02	10.53	26.72	41.77	5.42	0.61	5.7725248623173
'Sabzevar'	12	4	2024	6.37	7.32	15.35	67.56	3.47	8.83	2.19248122237688
'Sabzevar'	13	4	2024	15.91	4.85	14.53	65.61	2.18	1.48	2.63215297591463
'Sabzevar'	14	4	2024	21.12	3.95	16.54	63.04	1.84	2.14	3.15516230589269
'Sabzevar'	15	4	2024	25.41	4.39	19.47	50.64	1.53	0.03	3.93199818930317
'Sabzevar'	16	4	2024	23.46	4.56	21.37	50.88	2.22	0.02	4.18638347457358
'Sabzevar'	17	4	2024	22.57	7.52	19.88	51.01	4.24	0.08	4.68112010968467
'Sabzevar'	18	4	2024	25.47	5.84	21.31	47.18	2.42	0	4.59899017506098
'Sabzevar'	19	4	2024	25.91	6.2	24.74	35.07	1.64	0	4.90110338976493
'Sabzevar'	20	4	2024	27.25	9.3	26.15	28.97	2.13	0	5.78875613101672
'Sabzevar'	21	4	2024	23.42	9.75	27.78	31.65	3.08	0	6.3173936850835
'Sabzevar'	22	4	2024	20.14	11.68	27.78	37.85	2.76	0	5.60794110311908
'Sabzevar'	23	4	2024	14.59	14.2	24.87	44	3.69	0.1	5.12650525918433
'Sabzevar'	24	4	2024	14.75	11.62	19.71	62.31	3.96	0.54	3.67407430095078
'Sabzevar'	25	4	2024	14.47	10.28	21.53	61.49	3.57	0.81	3.69029717816824
'Sabzevar'	26	4	2024	20.97	9.55	22.71	52.95	2.41	0.61	4.36150112536503
'Sabzevar'	27	4	2024	25.33	8.14	23.39	37.14	2.93	0	5.55788467340776
'Sabzevar'	28	4	2024	28.98	6.58	23.32	28	3.22	0	6.27124717705652
'Sabzevar'	29	4	2024	29.59	3.56	23.75	19.24	3.38	0	6.69479470880437
'Sabzevar'	30	4	2024	29.71	4.13	26.42	17.66	1.73	0	5.84732445147938
